colornames={'white','grey','lightpink','skyblue','aquamarine',...
'maroon','darkgreen','leafgreen','fuscia','darkorange',...
'lightorange','Dark Grey','Light red','Orange','bloodorange','lightgrey'};






%loading color names
%FUNCTION LOADCOLORNAMES
%with correspionding rgb values
lightred=[1,0.15,0.15];
orange=[255,102,0]/255;
white=[1,1,1];
lightpink=[1,0.6,0.6];
grey=[0.6,0.6,0.6];
skyblue=[0.6,0.6,1];
aquamarine=[36,0,214]/255;
maroon=[0.8,0,0];
darkgreen=[0,100./255,0];
leafgreen=[147,196,68]/255;
fuscia=[212,52,178]/255;
darkorange=[246,145,10]/255;
lightorange=[255,195,75]/255;
lemonyellow=[255,250,205]/255;
forestgreen=[darkgreen+leafgreen]/2;
prawncocktail=[lightpink+lightorange]/2;
purple=lightpink/2+aquamarine/2;
guacgreen=[leafgreen*2+lemonyellow*2+lightorange]/5;
bloodorange=[1,0.3,0];
darkgrey=grey*0.75;
lightgrey=grey*1.2;



firecolormap=[ 1.0000    1.0000    1.0000
    1.0000    1.0000    0.9091
    1.0000    1.0000    0.8182
    1.0000    1.0000    0.7273
    1.0000    1.0000    0.6364
    1.0000    1.0000    0.5455
    1.0000    1.0000    0.4545
    1.0000    1.0000    0.3636
    1.0000    1.0000    0.2727
    1.0000    1.0000    0.1818
    1.0000    1.0000    0.0909
    1.0000    1.0000         0
    1.0000    0.9333         0
    1.0000    0.8667         0
    1.0000    0.8000         0
    1.0000    0.7333         0
    1.0000    0.6667         0
    1.0000    0.6000         0
    1.0000    0.5333         0
    1.0000    0.4667         0
    1.0000    0.4000         0
    1.0000    0.3333         0
    1.0000    0.2667         0
    1.0000    0.2000         0
    1.0000    0.1333         0
    1.0000    0.0667         0
    1.0000         0         0
    0.9880    0.0440    0.0283
    0.9761    0.0879    0.0566
    0.9641    0.1319    0.0848
    0.9521    0.1759    0.1131
    0.9401    0.2198    0.1414
    0.9282    0.2638    0.1697
    0.9162    0.3077    0.1979
    0.9042    0.3517    0.2262
    0.8923    0.3957    0.2545
    0.8803    0.4396    0.2828
    0.8683    0.4836    0.3110
    0.8563    0.5276    0.3393
    0.8444    0.5715    0.3676
    0.8324    0.6155    0.3959
    0.8204    0.6594    0.4241
    0.8085    0.7034    0.4524
    0.7965    0.7474    0.4807
    0.7845    0.7913    0.5090
    0.7725    0.8353    0.5373
    0.7174    0.8185    0.4989
    0.6622    0.8017    0.4605
    0.6070    0.7849    0.4221
    0.5518    0.7681    0.3838
    0.4966    0.7513    0.3454
    0.4415    0.7345    0.3070
    0.3863    0.7176    0.2686
    0.3311    0.7008    0.2303
    0.2759    0.6840    0.1919
    0.2207    0.6672    0.1535
    0.1655    0.6504    0.1151
    0.1104    0.6336    0.0768
    0.0552    0.6168    0.0384
         0    0.6000         0
    0.0118    0.5846    0.0196
    0.0235    0.5692    0.0392
    0.0353    0.5538    0.0588
    0.0471    0.5384    0.0784
    0.0588    0.5230    0.0980
    0.0706    0.5076    0.1176
    0.0824    0.4922    0.1373
    0.0941    0.4768    0.1569
    0.1059    0.4613    0.1765
    0.1176    0.4459    0.1961
    0.1294    0.4305    0.2157
    0.1412    0.4151    0.2353
    0.1529    0.3997    0.2549
    0.1647    0.3843    0.2745];



